,модель кат,тип двигателя кат,коробка передач кат,мощность мотора,количество владельцев,год выпуска,пробег,без дтп,цена
0,11,1,0,97,4,2010,182000,1,530000
1,1,1,1,122,3,2007,189000,1,550000
2,1,1,0,129,3,2013,111000,1,920000
3,1,1,1,115,2,2008,205000,1,470000
4,1,0,1,115,4,2008,197000,1,590000
5,11,1,0,100,1,2018,47000,1,1470000
6,5,0,0,257,1,2021,14000,1,6500000
7,16,1,0,150,2,2016,84000,1,1950000
8,7,1,2,180,2,2018,64000,1,2050000
9,14,1,0,124,2,2014,35000,1,1320000
10,3,1,0,180,1,2021,30000,1,2350000
11,11,1,1,95,1,2011,207000,1,480000
12,8,0,0,75,3,2005,79000,1,370000
13,13,1,0,240,2,2019,74000,1,2570000
14,1,0,2,136,1,2019,36000,1,1670000
15,11,0,1,109,1,2009,284000,1,460000
16,11,1,0,123,1,2018,84000,1,1430000
17,3,1,0,180,1,2022,6000,1,3150000
18,7,0,2,141,3,2017,78000,1,1890000
19,11,1,1,100,2,2019,104000,1,1200000
21,3,1,0,194,1,2021,28000,1,3200000
22,1,1,1,129,2,2012,137000,1,910000
23,1,1,1,130,2,2017,104000,1,1270000
24,1,2,2,141,1,2021,25000,1,2340000
25,11,1,0,123,2,2019,111000,1,1350000
26,15,1,0,126,4,2009,197000,1,230000
27,11,1,0,123,1,2018,67000,1,1310000
28,3,1,0,180,2,2021,25000,1,2450000
29,11,1,0,100,1,2020,25000,1,1580000
30,7,2,0,156,1,2018,137000,1,1590000
31,13,1,0,280,2,2012,190000,1,1240000
32,1,1,2,140,1,2019,66000,1,1730000
33,11,1,0,123,1,2020,45000,1,1420000
34,16,1,1,150,2,2019,51000,1,2380000
35,7,1,0,245,1,2019,38000,1,2500000
36,11,1,1,123,1,2020,29000,1,1560000
37,11,1,0,123,1,2019,82000,1,1260000
38,7,0,2,141,1,2017,102000,1,1780000
39,7,1,0,274,4,2012,245000,1,990000
40,13,1,0,249,1,2018,71000,1,2530000
41,14,1,0,163,1,2017,96000,1,1430000
42,13,0,1,200,1,2019,94000,1,3280000
43,16,1,2,177,1,2021,30000,1,2710000
44,1,1,0,129,1,2015,45000,1,1050000
45,11,1,0,107,2,2013,260000,1,740000
46,11,1,1,97,4,2010,168000,1,450000
47,11,1,0,123,4,2015,110000,1,780000
48,11,1,0,100,2,2020,28000,1,1920000
49,14,1,0,132,1,2018,100000,1,1400000
50,2,1,1,128,1,2021,50000,1,2220000
51,7,1,2,180,1,2018,57000,1,2070000
52,14,1,0,150,1,2022,4000,1,2070000
53,14,1,1,142,4,2011,117000,1,880000
54,13,0,0,197,1,2012,126000,1,1160000
55,11,1,1,100,1,2022,2000,1,1930000
56,2,1,0,150,1,2019,68000,1,2010000
57,11,1,1,100,1,2021,9000,1,1750000
58,11,1,1,107,2,2012,147000,1,650000
59,3,1,0,194,1,2021,46000,1,2350000
60,14,1,0,150,1,2021,29000,1,2100000
61,11,1,1,100,1,2021,9000,1,1820000
62,12,1,0,121,1,2022,6000,1,3070000
63,11,1,0,100,1,2018,63000,1,1030000
64,7,1,0,188,1,2019,164000,1,1780000
66,1,1,0,128,1,2019,79000,1,1590000
67,13,1,0,249,2,2018,65000,1,2810000
68,7,1,0,188,1,2017,112000,1,1800000
69,16,1,0,150,1,2018,49000,1,1910000
70,7,0,2,141,1,2017,113000,1,1730000
71,7,1,0,245,2,2016,133000,1,1880000
72,2,1,1,128,1,2020,32000,1,1650000
73,16,1,1,150,1,2021,17000,1,2560000
74,11,1,0,123,2,2017,112000,1,1290000
75,14,1,0,150,1,2019,42000,1,1850000
76,0,0,0,199,1,2021,38000,1,4750000
77,16,0,0,112,3,2009,139000,1,980000
78,15,1,0,126,3,2008,117000,1,220000
79,1,1,0,129,1,2014,245000,1,820000
80,13,1,1,175,2,2017,130000,1,2240000
81,3,2,0,195,1,2021,116000,1,2240000
82,3,2,0,195,1,2020,22000,1,2350000
83,16,1,1,150,1,2022,2000,1,4330000
84,1,1,0,122,2,2009,151000,1,650000
85,1,1,1,122,1,2011,149000,1,680000
86,11,1,1,123,2,2020,54000,1,1500000
87,8,1,1,67,1,2020,8000,1,1530000
88,7,1,0,185,1,2016,52000,1,2000000
89,14,1,0,132,1,2018,102000,1,1250000
90,1,0,1,136,2,2018,105000,1,1220000
91,15,1,0,126,4,2006,235000,1,210000
92,16,0,1,177,4,2012,92000,1,1100000
93,15,1,0,126,4,2006,176000,1,220000
94,13,0,1,150,3,2010,213000,1,1200000
95,13,0,0,150,1,2012,194000,1,1210000
96,1,0,1,136,1,2018,60000,1,1550000
97,13,1,0,180,1,2020,29000,1,3620000
98,16,0,1,136,1,2020,77000,1,1920000
99,13,0,0,186,1,2018,60000,1,3240000
100,16,1,0,150,1,2018,65000,1,2100000
101,16,0,1,136,1,2020,34000,1,2230000
102,1,1,0,130,1,2016,136000,1,1010000
103,7,1,1,150,1,2017,84000,1,1880000
104,11,1,0,123,1,2015,56000,1,970000
105,11,1,1,123,2,2019,47000,1,1300000
106,13,0,2,202,1,2022,1000,1,4350000
107,2,1,1,143,2,2006,129000,1,450000
108,7,2,0,205,2,2019,62000,1,2130000
109,12,1,3,149,1,2022,12000,1,2330000
110,16,1,0,150,1,2021,19000,1,2860000
111,16,1,1,176,3,2013,179000,1,1060000
112,16,1,0,163,1,2012,168000,1,980000
113,8,1,1,67,3,2018,51000,1,1030000
114,2,1,1,156,2,2010,110000,1,580000
115,11,0,1,109,2,2011,111000,1,600000
116,1,1,1,100,1,2017,84000,1,1400000
117,1,1,1,100,3,2016,142000,1,1100000
118,1,1,1,129,3,2012,127000,1,900000
119,1,0,1,110,2,2015,135000,1,920000
120,1,1,1,100,1,2016,171000,1,1080000
121,2,1,1,130,1,2013,195000,1,720000
122,2,1,1,130,2,2013,148000,1,970000
123,11,1,0,107,4,2013,123000,1,660000
124,13,0,1,200,1,2016,68000,1,2750000
125,12,1,0,121,2,2021,4000,1,2680000
126,11,1,0,123,1,2021,8000,1,2020000
127,13,0,1,150,3,2011,167000,1,1200000
128,1,1,2,135,1,2018,25000,1,1530000
129,11,1,1,123,1,2020,32000,1,1460000
130,11,1,1,123,2,2019,284000,1,1020000
131,11,1,1,107,2,2017,71000,1,1110000
132,2,1,0,126,2,2010,265000,1,610000
133,16,0,1,136,2,2011,111000,1,1020000
134,2,1,0,126,3,2010,161000,1,660000
135,11,1,0,100,1,2020,73000,1,1460000
136,11,1,1,123,1,2020,72000,1,1520000
137,11,1,1,123,1,2020,31000,1,1680000
138,14,1,0,150,1,2019,20000,1,2500000
139,11,1,0,123,1,2021,14000,1,1810000
140,1,0,1,128,4,2011,181000,1,670000
141,5,0,0,257,1,2021,35000,1,5780000
142,13,0,1,197,2,2010,156000,1,1020000
143,5,0,0,249,1,2021,1000,1,6790000
144,11,1,1,107,2,2014,270000,1,630000
145,6,1,0,266,3,2007,143000,1,390000
146,2,1,1,130,2,2015,116000,1,930000
147,11,1,0,123,3,2013,161000,1,690000
148,1,1,1,100,2,2013,77000,1,1130000
149,11,1,1,100,1,2021,17000,1,1500000
150,11,1,1,123,2,2021,63000,1,1410000
151,11,1,1,123,2,2018,158000,1,1030000
152,3,1,0,194,1,2021,11000,1,2540000
153,11,1,1,100,2,2018,74000,1,1260000
154,1,0,1,90,3,2017,80000,1,1250000
155,1,1,1,100,1,2022,7000,1,2250000
156,11,1,0,100,1,2019,64000,1,1320000
157,11,1,0,123,1,2021,25000,1,2050000
158,0,0,1,185,4,2009,295000,1,630000
159,7,1,0,245,3,2016,122000,1,1660000
160,11,1,0,100,1,2021,6000,1,1950000
161,1,1,0,128,1,2021,17000,1,2000000
162,11,1,1,100,1,2020,69000,1,1220000
163,8,1,0,84,2,2019,68000,1,1230000
164,8,1,1,100,1,2020,30000,1,1400000
165,16,1,0,150,2,2019,76000,1,2150000
166,11,1,0,123,2,2012,73000,1,930000
167,2,1,0,150,1,2021,17000,1,2320000
168,7,1,0,245,3,2017,102000,1,1930000
169,18,1,1,90,1,2016,78000,1,1260000
170,8,1,1,100,1,2018,22000,1,1110000
171,2,1,1,130,1,2018,63000,1,1560000
172,12,1,3,149,1,2019,9000,1,2660000
173,11,1,0,100,1,2018,65000,1,1160000
174,13,1,0,175,2,2012,136000,1,1070000
175,11,1,0,123,2,2020,4000,1,1390000
176,15,1,0,126,1,2008,248000,1,160000
177,11,1,0,107,4,2012,262000,1,440000
178,8,1,1,67,2,2019,40000,1,1440000
179,3,1,0,180,1,2021,65000,1,2570000
180,1,1,1,100,2,2013,101000,1,1160000
181,11,1,0,123,1,2021,45000,1,1780000
182,11,1,0,123,2,2014,106000,1,920000
183,16,0,0,115,1,2009,229000,1,770000
184,16,1,0,150,1,2019,18000,1,2320000
185,13,1,1,175,3,2012,196000,1,1350000
186,1,1,0,128,1,2021,4000,1,2470000
187,11,1,1,107,2,2014,196000,1,660000
188,11,1,1,100,1,2021,30000,1,1890000
189,13,0,0,186,1,2019,32000,1,3180000
190,1,0,2,115,1,2021,11000,1,2100000
191,2,1,0,150,2,2013,112000,1,1080000
192,11,1,0,123,1,2021,31000,1,1630000
193,2,1,0,150,3,2015,151000,1,990000
194,3,1,0,180,1,2020,102000,1,2230000
195,3,2,0,195,1,2020,45000,1,2400000
196,11,1,1,100,1,2022,23000,1,1860000
197,16,1,0,150,2,2015,78000,1,1300000
198,16,1,0,150,1,2013,89000,1,1410000
199,14,1,0,150,2,2019,129000,1,1580000
200,16,1,0,150,1,2015,149000,1,1350000
201,3,1,0,150,2,2021,38000,1,2470000
202,11,1,1,123,1,2018,98000,1,1190000
203,7,1,0,180,4,2015,136000,1,1410000
204,11,1,0,123,2,2018,56000,1,1310000
205,3,1,0,194,1,2021,30000,1,2370000
206,8,1,1,69,1,2011,114000,1,690000
207,3,1,0,150,2,2020,30000,1,3080000
208,8,1,1,67,2,2022,9000,1,1770000
209,11,1,0,123,1,2020,22000,1,1560000
210,12,1,3,149,1,2022,19000,1,2970000
211,12,1,3,149,1,2021,49000,1,2230000
212,1,1,1,129,2,2014,78000,1,1060000
213,16,1,1,150,1,2018,98000,1,1990000
214,3,1,0,180,1,2020,62000,1,2570000
215,11,1,1,100,2,2017,81000,1,1550000
216,11,1,0,100,1,2019,30000,1,1450000
217,5,0,0,250,1,2019,103000,1,3660000
218,3,1,0,150,1,2021,11000,1,2690000
219,11,1,0,123,2,2016,59000,1,920000
220,3,1,0,194,1,2021,11000,1,2860000
221,1,1,0,122,3,2011,91000,1,630000
222,4,1,0,169,4,2005,198000,1,310000
223,14,1,0,123,1,2020,27000,1,1910000
224,13,0,0,200,1,2018,137000,1,2890000
225,3,1,0,180,1,2021,57000,1,2280000
226,13,0,0,150,4,2011,169000,1,1160000
227,2,1,0,150,3,2018,50000,1,1780000
228,14,1,0,150,2,2018,42000,1,1950000
229,1,1,0,143,2,2011,147000,1,720000
230,13,1,2,281,1,2022,1000,1,5050000
232,16,0,0,136,2,2013,115000,1,1430000
233,11,1,1,123,1,2021,9000,1,1570000
234,2,1,0,150,1,2018,61000,1,1670000
235,8,1,1,67,1,2019,25000,1,1310000
236,16,1,1,163,1,2013,106000,1,1270000
237,10,1,0,300,1,2013,116000,1,1490000
238,3,1,0,150,1,2022,1000,1,2920000
239,16,1,1,150,1,2019,50000,1,1900000
240,14,1,0,132,2,2017,75000,1,1640000
241,12,1,0,123,1,2021,16000,1,2350000
242,17,1,0,255,3,2018,60000,1,2280000
243,16,1,0,150,1,2022,1000,1,3450000
244,7,1,0,245,2,2016,161000,1,1440000
245,5,0,0,250,2,2012,141000,1,1730000
246,1,1,0,128,1,2022,1000,1,2380000
247,16,1,0,190,1,2022,1000,1,3650000
248,3,1,0,194,1,2021,86000,1,2750000
249,14,1,0,150,1,2020,27000,1,2130000
250,7,1,0,150,2,2018,176000,1,1700000
251,0,0,0,202,1,2021,16000,1,4540000
252,0,0,0,202,1,2021,16000,1,4540000
253,16,1,0,150,1,2015,112000,1,1530000
254,8,1,1,67,1,2020,30000,1,1300000
255,13,0,1,200,4,2015,139000,1,2000000
256,0,1,0,280,1,2018,65000,1,3100000
257,11,1,0,100,1,2017,102000,1,1110000
258,0,0,0,202,1,2018,63000,1,3120000
259,0,1,0,280,1,2018,44000,1,3090000
260,1,0,1,136,1,2022,1000,1,1880000
261,1,0,1,136,1,2022,1000,1,1880000
262,7,1,0,150,1,2017,126000,1,1680000
263,3,1,0,180,1,2021,99000,1,2570000
264,14,1,0,150,1,2019,22000,1,1910000
265,16,1,1,150,1,2016,129000,1,1370000
266,16,1,0,150,1,2018,118000,1,1940000
267,13,0,0,186,1,2018,70000,1,3370000
268,13,0,0,200,1,2019,45000,1,3250000
269,1,0,1,90,3,2012,113000,1,1070000
270,1,1,0,130,2,2016,53000,1,1340000
271,1,1,0,128,1,2022,4000,1,2050000
272,13,0,0,200,3,2018,109000,1,2840000
273,12,1,0,121,2,2020,41000,1,2100000
274,8,1,1,67,1,2019,22000,1,1440000
275,1,0,1,110,2,2018,104000,1,1180000
276,11,1,1,107,3,2011,203000,1,540000
277,14,1,0,150,1,2019,82000,1,1650000
278,2,1,0,150,1,2020,34000,1,1770000
279,13,0,1,184,1,2019,40000,1,2610000
280,14,1,2,204,3,2018,43000,1,2010000
281,0,0,0,199,1,2021,9000,1,4620000
282,1,1,1,109,2,2011,208000,1,620000
283,9,1,1,140,1,2020,54000,1,1870000
284,11,1,0,123,1,2021,13000,1,1810000
285,16,1,1,150,4,2015,151000,1,1440000
286,8,1,0,85,2,2015,33000,1,900000
287,16,1,1,150,1,2016,91000,1,1610000
288,1,1,2,160,1,2022,1000,1,2110000
289,14,1,0,123,1,2019,32000,1,1650000
290,15,1,0,140,4,2006,178000,1,170000
291,1,1,2,150,1,2021,9000,1,2940000
292,7,1,0,150,2,2016,88000,1,1670000
293,11,1,0,123,1,2021,85000,1,1490000
294,11,1,0,123,2,2017,123000,1,1010000
295,11,1,1,100,1,2018,86000,1,1180000
296,16,1,0,150,1,2017,70000,1,1950000
297,1,1,1,100,2,2018,27000,1,1740000
298,11,1,0,112,2,2011,79000,1,670000
299,0,0,0,202,1,2021,33000,1,5040000
300,0,1,0,294,1,2021,15000,1,5570000
301,2,1,0,148,3,2016,131000,1,1150000
302,3,1,0,150,1,2021,4000,1,3020000
303,1,1,0,128,1,2021,15000,1,2040000
304,12,0,2,136,1,2020,45000,1,1930000
305,3,1,0,194,1,2020,41000,1,2280000
306,1,1,0,130,2,2015,87000,1,1290000
307,1,1,0,130,2,2015,87000,1,1290000
308,13,1,0,175,3,2012,256000,1,1280000
309,7,1,1,163,2,2016,111000,1,1730000
310,7,1,0,188,1,2017,92000,1,1640000
311,11,1,0,123,2,2019,25000,1,1620000
312,7,1,1,150,4,2017,134000,1,1700000
313,3,2,0,195,1,2021,37000,1,2820000
314,1,1,1,100,2,2012,142000,1,710000
315,7,2,0,150,2,2015,139000,1,1360000
316,3,1,0,194,2,2021,67000,1,2340000
317,2,1,0,150,1,2019,91000,1,1110000
318,13,0,0,200,2,2018,100000,1,2630000
319,11,1,0,123,4,2014,146000,1,740000
320,1,1,1,120,1,2021,29000,1,1990000
321,1,1,1,120,1,2021,29000,1,1990000
322,11,1,1,100,1,2020,104000,1,1220000
323,14,1,0,150,3,2019,84000,1,1240000
324,11,1,1,100,1,2019,231000,1,870000
325,1,0,0,115,3,2007,213000,1,420000
326,0,0,0,199,1,2021,26000,1,4390000
327,7,1,2,180,2,2019,79000,1,2010000
328,11,1,0,107,2,2015,126000,1,730000
329,1,1,2,135,3,2016,76000,1,1360000
330,17,1,0,370,1,2019,73000,1,2100000
331,11,1,1,98,4,2002,255000,1,180000
332,18,0,1,115,2,2013,69000,1,810000
333,5,0,0,249,1,2020,19000,1,5180000
334,11,1,0,123,1,2019,30000,1,1180000
335,13,1,1,175,4,2009,150000,1,1030000
336,1,1,1,129,1,2015,108000,1,1050000
337,11,1,1,123,4,2012,239000,1,560000
338,16,0,0,136,3,2013,122000,1,1200000
339,1,1,1,100,2,2018,149000,1,1260000
340,15,1,0,126,2,2007,183000,1,300000
341,1,1,0,122,2,2008,219000,1,610000
342,3,1,0,150,2,2021,37000,1,2530000
343,1,1,1,143,4,2008,234000,1,580000
344,11,1,1,123,1,2021,6000,1,1640000
345,13,1,0,240,1,2018,141000,1,2900000
346,13,1,0,175,1,2018,25000,1,1940000
347,1,1,0,128,1,2020,53000,1,1920000
348,16,0,0,185,1,2017,174000,1,1550000
349,1,1,0,128,1,2020,34000,1,1770000
350,11,1,0,107,2,2014,139000,1,720000
351,13,1,0,188,1,2019,35000,1,2860000
352,14,1,0,132,1,2018,75000,1,1560000
353,2,1,1,128,1,2018,117000,1,1180000
354,2,1,1,128,1,2018,117000,1,1180000
355,11,1,0,123,1,2021,19000,1,1850000
356,2,1,0,150,1,2022,1000,1,2500000
357,11,1,0,123,1,2012,210000,1,400000
358,11,1,1,100,1,2019,40000,1,1650000
359,0,0,0,199,1,2020,34000,1,4810000
360,1,0,2,136,2,2018,68000,1,1730000
361,13,1,0,249,2,2020,70000,1,3850000
362,14,1,1,124,1,2018,154000,1,1290000
363,1,1,0,130,3,2017,79000,1,1150000
364,11,1,1,123,1,2018,93000,1,1200000
365,16,1,0,150,1,2019,33000,1,1940000
366,15,1,0,140,4,2008,138000,1,370000
367,16,1,1,177,1,2018,94000,1,1760000
368,16,1,0,184,1,2019,153000,1,2070000
369,7,2,0,205,4,2019,136000,1,1500000
370,2,1,1,128,1,2018,97000,1,1990000
371,15,1,0,140,4,2008,138000,1,370000
372,2,1,0,150,1,2018,135000,1,1530000
373,11,1,0,123,1,2021,50000,1,1540000
374,11,1,0,123,1,2021,19000,1,2020000
375,1,1,0,129,3,2012,216000,1,930000
376,13,1,0,240,1,2017,71000,1,2210000
377,16,1,0,150,1,2022,1000,1,3390000
378,2,1,1,128,1,2018,67000,1,1580000
379,1,1,2,135,3,2015,195000,1,1090000
380,11,1,0,123,1,2016,175000,1,790000
381,11,1,0,123,1,2016,175000,1,790000
382,2,1,1,126,3,2011,84000,1,700000
383,3,1,0,180,1,2020,80000,1,2580000
384,11,1,0,123,1,2021,2000,1,1850000
385,16,0,1,136,2,2017,114000,1,2270000
386,7,1,1,163,1,2018,67000,1,2000000
387,7,1,0,188,1,2019,82000,1,2160000
388,16,0,0,177,3,2011,182000,1,820000
389,14,1,2,200,1,2019,100000,1,1810000
390,1,1,1,160,1,2022,4000,1,2550000
391,1,1,0,129,3,2013,115000,1,1150000
392,11,1,0,123,1,2019,39000,1,1240000
393,11,1,1,100,1,2019,91000,1,1470000
394,7,1,0,188,2,2019,71000,1,2340000
395,14,0,1,128,2,2011,148000,1,850000
396,16,1,0,150,1,2016,175000,1,1460000
397,16,1,0,150,4,2012,160000,1,1080000
398,16,1,0,184,4,2018,61000,1,2250000
399,7,1,0,245,1,2018,106000,1,2020000
400,2,1,0,130,3,2014,167000,1,1100000
401,11,1,1,100,1,2018,204000,1,920000
402,17,1,0,197,1,2021,20000,1,3720000
403,11,1,1,100,1,2021,17000,1,1640000
404,1,0,2,136,2,2018,89000,1,1200000
405,1,1,0,128,2,2020,17000,1,1980000
406,11,1,1,100,1,2019,109000,1,1200000
407,13,0,0,150,1,2011,193000,1,1330000
408,16,0,0,185,2,2018,92000,1,2240000
409,16,1,0,243,1,2019,89000,1,1740000
410,7,1,0,180,4,2014,171000,1,1170000
411,11,1,1,123,1,2018,84000,1,1100000
412,16,1,0,150,1,2018,131000,1,1390000
413,1,1,0,128,1,2022,1000,1,2350000
414,11,1,0,123,3,2013,99000,1,610000
415,8,1,0,84,1,2021,12000,1,1470000
416,2,1,1,128,1,2019,59000,1,1880000
417,11,1,0,100,2,2020,31000,1,1430000
418,3,1,0,150,2,2020,34000,1,2470000
419,13,1,0,175,1,2015,119000,1,1840000
420,16,1,0,150,1,2019,66000,1,2660000
421,13,0,0,186,3,2020,41000,1,3900000
422,2,1,0,150,1,2018,108000,1,1800000
423,18,0,1,90,3,2012,240000,1,500000
424,7,0,2,141,4,2018,132000,1,1560000
425,16,1,2,177,1,2021,20000,1,2840000
426,13,1,0,249,2,2020,27000,1,3100000
427,11,1,0,105,4,2003,274000,1,130000
428,16,1,0,240,1,2020,38000,1,2290000
429,12,1,3,149,1,2022,1000,1,2440000
430,16,0,1,186,1,2018,66000,1,2130000
431,13,1,0,188,1,2015,92000,1,2430000
432,12,0,2,136,2,2020,45000,1,1700000
433,7,1,2,178,3,2018,71000,1,1660000
434,3,1,0,180,2,2020,55000,1,2510000
435,1,1,1,100,2,2013,143000,1,920000
436,3,1,0,180,1,2021,23000,1,2790000
437,12,1,1,121,1,2021,47000,1,2040000
438,3,1,0,150,1,2021,65000,1,2280000
439,16,0,0,185,4,2016,114000,1,1740000
440,7,0,2,141,3,2016,163000,1,1650000
441,3,1,0,180,1,2020,50000,1,2330000
442,3,1,0,180,1,2021,78000,1,2230000
443,3,2,0,195,1,2021,75000,1,2350000
444,3,1,0,180,2,2020,55000,1,2510000
445,1,1,1,100,2,2013,143000,1,920000
446,3,1,0,180,1,2021,23000,1,2790000
447,12,1,1,121,1,2021,47000,1,2040000
448,3,1,0,150,1,2021,65000,1,2280000
449,16,0,0,185,4,2016,114000,1,1740000
450,7,0,2,141,3,2016,163000,1,1650000
451,3,1,0,180,1,2020,50000,1,2330000
452,3,1,0,180,1,2021,78000,1,2230000
453,3,2,0,195,1,2021,75000,1,2350000
454,11,1,0,100,2,2021,64000,1,1500000
455,3,2,0,195,1,2021,40000,1,2360000
456,2,1,1,128,1,2021,22000,1,2260000
457,3,2,0,195,1,2020,83000,1,2490000
458,7,1,1,163,3,2017,200000,1,1350000
459,3,1,0,180,2,2021,69000,1,2080000
460,3,1,0,194,1,2020,86000,1,2030000
461,13,0,0,184,3,2017,141000,1,1770000
462,13,1,0,300,2,2017,156000,1,1790000
463,3,1,0,150,1,2021,33000,1,2570000
464,13,1,0,188,1,2019,90000,1,2820000
465,7,2,0,156,1,2018,46000,1,1850000
466,5,0,0,257,2,2020,45000,1,4700000
467,11,1,1,100,1,2021,100000,1,1220000
468,2,1,0,128,2,2021,22000,1,2370000
469,3,1,0,150,2,2020,48000,1,3340000
470,16,0,0,136,2,2011,121000,1,1330000
471,1,1,1,129,1,2012,120000,1,780000
472,11,1,1,123,2,2018,72000,1,1190000
473,2,1,0,128,1,2021,12000,1,2530000
474,2,1,0,150,2,2019,83000,1,1900000
475,11,1,0,123,1,2018,35000,1,1430000
476,11,1,0,123,1,2017,139000,1,990000
477,16,0,1,115,2,2014,150000,1,1280000
478,1,1,1,109,4,2011,102000,1,640000
479,1,1,1,109,4,2011,102000,1,640000
480,13,1,0,240,1,2015,127000,1,2090000
481,1,1,0,128,1,2022,1000,1,2260000
482,2,1,0,150,4,2013,112000,1,1070000
483,3,1,0,194,2,2021,38000,1,2570000
484,13,0,2,199,2,2021,48000,1,4390000
485,15,1,0,140,3,2008,181000,1,320000
486,14,1,1,123,2,2019,22000,1,2070000
487,15,1,1,101,4,2007,134000,1,300000
488,15,1,1,101,1,2006,246000,1,300000
489,14,1,1,123,1,2019,58000,1,1580000
490,3,1,0,150,2,2021,41000,1,2270000
491,12,1,2,177,1,2020,58000,1,1840000
492,13,1,0,180,1,2020,41000,1,2970000
493,16,1,0,190,1,2022,1000,1,3630000
494,14,1,0,150,1,2021,42000,1,1810000
495,13,0,1,150,2,2019,113000,1,2380000
496,3,1,0,194,1,2022,33000,1,2640000
497,11,1,1,82,3,2004,162000,1,230000
498,11,1,1,82,3,2004,162000,1,230000
499,13,1,0,249,1,2020,17000,1,5790000
500,1,1,0,128,2,2020,23000,1,2070000
501,16,1,0,150,1,2019,40000,1,2220000
502,1,1,1,140,1,2019,68000,1,1820000
503,16,1,0,190,1,2022,2000,1,3680000
505,11,1,1,100,1,2021,18000,1,1650000
506,11,1,1,123,2,2021,23000,1,1540000
507,16,1,0,184,1,2021,41000,1,3000000
508,11,1,0,100,2,2018,174000,1,990000
509,11,1,1,123,1,2015,126000,1,720000
510,14,1,0,150,1,2020,18000,1,1880000
511,13,0,2,199,1,2022,1000,1,4640000
512,11,1,1,100,1,2019,58000,1,1480000
513,15,1,0,140,4,2006,181000,1,320000
514,11,1,1,123,1,2014,120000,1,750000
515,7,1,0,188,1,2019,83000,1,2270000
516,11,1,0,100,2,2018,136000,1,1300000
517,1,1,0,129,2,2014,198000,1,760000
518,14,1,0,150,1,2020,9000,1,2100000
519,1,0,1,136,2,2017,46000,1,1720000
520,11,1,1,123,2,2017,45000,1,1600000
521,2,1,1,105,4,2005,319000,1,310000
522,15,1,1,126,4,2007,202000,1,280000
523,14,1,0,123,1,2019,68000,1,1700000
524,16,1,0,184,1,2019,89000,1,2420000
525,16,1,0,150,1,2019,57000,1,2180000
526,10,1,0,424,2,2015,37000,1,2050000
527,16,1,0,150,1,2018,71000,1,2100000
528,3,1,0,180,1,2020,34000,1,2440000
529,16,1,2,180,1,2022,1000,1,3890000
530,12,1,0,121,2,2021,27000,1,2450000
531,11,1,1,100,1,2018,80000,1,950000
532,11,1,0,123,2,2016,63000,1,1110000
533,16,1,1,135,3,2011,194000,1,1020000
534,16,1,2,177,1,2020,28000,1,2330000
535,1,1,0,129,3,2013,164000,1,1040000
536,13,0,2,202,1,2021,61000,1,4660000
537,2,1,1,128,2,2020,69000,1,1770000
538,14,1,0,150,1,2021,15000,1,1930000
539,13,1,0,249,1,2021,41000,1,3980000
540,16,0,1,140,1,2009,226000,1,880000
541,16,0,1,136,1,2019,83000,1,1840000
542,12,1,3,149,1,2021,3000,1,2870000
543,0,0,0,199,1,2021,46000,1,4850000
544,1,0,2,136,4,2018,109000,1,1360000
545,14,1,1,132,1,2017,109000,1,1550000
546,14,1,2,200,1,2019,40000,1,1830000
547,13,1,0,180,1,2022,9000,1,4150000
548,14,1,0,132,1,2016,124000,1,1260000
549,7,1,2,180,1,2019,98000,1,1420000
550,7,1,0,194,1,2015,90000,1,1300000
551,7,2,0,205,1,2018,131000,1,1560000
552,1,1,1,100,2,2017,145000,1,840000
553,13,0,0,197,3,2011,150000,1,1400000
554,12,1,3,149,1,2020,55000,1,2130000
555,8,1,0,84,1,2017,45000,1,1010000
556,7,1,1,150,2,2017,112000,1,1830000
557,7,1,0,163,4,2017,187000,1,1500000
558,7,1,0,245,4,2016,60000,1,1610000
559,7,1,0,150,3,2018,74000,1,2050000
560,16,0,2,136,1,2019,85000,1,2450000
561,14,1,0,123,1,2019,79000,1,1900000
562,7,1,0,150,2,2016,138000,1,1780000
563,1,0,1,115,3,2019,93000,1,1560000
564,8,1,0,84,1,2017,64000,1,1060000
565,11,1,1,123,1,2021,77000,1,1470000
566,16,1,2,177,3,2018,100000,1,2080000
567,1,0,2,136,2,2018,54000,1,1520000
568,12,1,0,121,2,2021,45000,1,1990000
569,16,1,0,184,1,2016,68000,1,1810000
570,14,1,1,123,1,2019,37000,1,2160000
571,8,1,1,100,2,2018,85000,1,1340000
572,1,1,0,128,2,2018,71000,1,1360000
573,7,0,2,141,3,2017,59000,1,2020000
574,13,1,0,300,1,2017,93000,1,1920000
575,14,1,0,150,2,2017,111000,1,1530000
576,1,1,1,100,2,2019,95000,1,1630000
577,2,1,1,130,2,2017,99000,1,1200000
578,12,1,3,149,1,2021,16000,1,2300000
579,1,1,1,129,1,2012,70000,1,1210000
580,7,1,0,188,3,2016,91000,1,1620000
581,5,0,0,250,4,2009,215000,1,1250000
582,8,1,1,85,3,2015,41000,1,950000
583,2,1,0,148,2,2014,87000,1,840000
584,11,1,0,123,2,2021,21000,1,1630000
585,3,2,0,195,2,2020,36000,1,2950000
586,3,1,0,150,1,2020,35000,1,3100000
587,1,1,1,100,2,2018,66000,1,1620000
588,7,1,0,163,1,2017,78000,1,1720000
589,3,1,0,150,1,2021,25000,1,3280000
590,16,1,1,132,2,2018,72000,1,1830000
591,3,1,0,194,3,2021,37000,1,2100000
592,7,1,1,150,3,2018,64000,1,2090000
593,1,1,1,128,1,2019,28000,1,1750000
594,12,0,2,136,1,2020,31000,1,2120000
595,13,1,0,249,2,2020,41000,1,3520000
596,7,1,0,150,2,2016,94000,1,1530000
597,13,1,0,175,3,2014,96000,1,1660000
598,7,1,1,150,3,2018,223000,1,1260000
599,16,1,0,240,1,2018,6000,1,2250000
600,7,1,0,200,2,2012,185000,1,870000
601,7,1,0,163,3,2016,120000,1,1480000
602,13,0,0,186,1,2019,99000,1,2950000
603,16,1,0,240,1,2021,18000,1,2580000
604,16,0,0,185,3,2016,34000,1,1600000
605,1,1,1,120,1,2021,3000,1,2280000
606,1,1,1,120,1,2021,3000,1,2280000
607,3,1,0,150,1,2020,51000,1,2240000
608,3,1,0,150,1,2020,27000,1,2810000
609,16,0,0,186,1,2020,41000,1,2820000
610,3,1,0,194,2,2020,17000,1,2520000
611,16,1,2,177,1,2017,89000,1,2100000
612,1,1,0,128,2,2020,18000,1,1720000
613,13,1,0,240,3,2016,91000,1,2170000
614,11,1,1,100,1,2019,145000,1,910000
615,7,1,0,188,2,2016,78000,1,1940000
616,1,1,1,122,2,2009,117000,1,660000
617,11,1,0,97,4,2005,308000,1,370000
618,11,1,0,123,1,2017,109000,1,1070000
619,2,1,0,128,1,2022,12000,1,2640000
620,13,1,0,175,2,2014,116000,1,1470000
621,11,1,1,123,2,2018,113000,1,1140000
622,7,1,1,150,2,2018,53000,1,2120000
623,13,1,0,175,2,2017,114000,1,1820000
624,0,1,0,249,1,2022,1000,1,6960000
625,2,1,0,150,1,2021,19000,1,2350000
626,10,1,0,424,4,2015,104000,1,1640000
627,7,1,0,150,1,2019,38000,1,2110000
628,2,1,0,150,1,2021,3000,1,1960000
629,16,1,1,132,1,2018,78000,1,1970000
630,5,0,0,249,1,2021,29000,1,5530000
631,16,1,0,150,1,2020,37000,1,2070000
632,3,1,0,194,1,2021,18000,1,2870000
633,12,1,3,149,1,2021,35000,1,2000000
634,16,0,0,185,1,2022,11000,1,2780000
635,7,1,0,188,4,2016,87000,1,1570000
636,1,1,0,128,1,2022,1000,1,2600000
637,1,1,0,128,1,2022,1000,1,2430000
638,16,1,1,150,1,2014,101000,1,1200000
639,2,1,0,150,1,2019,49000,1,1420000
640,11,1,0,100,1,2019,36000,1,1400000
641,1,1,0,128,1,2022,2000,1,2320000
642,7,1,0,150,2,2018,98000,1,1570000
643,16,1,0,243,1,2016,94000,1,1750000
644,12,1,0,123,1,2022,2000,1,2490000
645,14,1,2,204,2,2017,107000,1,1290000
646,16,0,0,185,1,2019,9000,1,2800000
647,8,1,1,84,2,2018,52000,1,1050000
648,16,1,1,177,3,2017,116000,1,1900000
649,7,1,0,245,1,2017,54000,1,1480000
650,1,1,0,128,1,2022,1000,1,2200000
651,1,1,0,128,1,2022,1000,1,2440000
652,11,1,1,107,1,2014,103000,1,740000
653,16,1,0,150,1,2022,1000,1,4030000
654,16,1,0,150,1,2022,1000,1,3910000
655,16,1,0,150,1,2022,1000,1,3700000
656,0,0,0,199,1,2021,45000,1,4470000
657,1,1,1,100,2,2017,83000,1,1270000
658,11,1,0,123,1,2018,62000,1,1090000
659,8,1,1,62,4,2010,218000,1,340000
660,1,1,0,128,1,2020,34000,1,1870000
661,1,1,0,128,1,2021,14000,1,2150000
662,17,1,0,370,1,2018,53000,1,2980000
663,16,1,0,150,1,2019,67000,1,2120000
664,7,1,0,188,3,2019,50000,1,1940000
665,14,1,1,123,1,2021,38000,1,2300000
666,8,1,1,67,2,2020,58000,1,1270000
667,2,1,0,130,2,2018,139000,1,1110000
668,3,1,0,194,1,2021,77000,1,2460000
669,16,1,1,150,1,2016,114000,1,1570000
670,8,1,0,84,1,2017,116000,1,1060000
671,13,0,1,184,2,2018,53000,1,1960000
672,8,1,1,67,3,2017,86000,1,1120000
673,7,2,0,150,3,2014,156000,1,1290000
674,1,1,1,130,1,2016,118000,1,750000
675,12,1,0,121,1,2020,42000,1,2210000
676,1,1,2,140,2,2018,36000,1,1610000
677,11,1,0,123,2,2020,7000,1,1810000
678,14,1,0,123,1,2019,79000,1,1720000
679,16,1,1,163,2,2012,105000,1,1020000
680,1,1,0,122,3,2011,143000,1,670000
681,16,1,0,150,1,2020,65000,1,2420000
682,16,1,0,150,2,2018,91000,1,1950000
683,11,1,0,123,1,2021,87000,1,1310000
684,3,1,0,150,3,2021,21000,1,2630000
685,8,1,1,85,4,2011,139000,1,610000
686,0,1,0,280,1,2019,45000,1,2660000
687,16,0,1,185,1,2018,44000,1,2030000
688,3,1,0,194,2,2020,9000,1,3290000
689,2,1,0,128,1,2022,10000,1,2600000
690,1,1,0,128,1,2022,15000,1,2070000
691,14,1,0,123,1,2021,12000,1,2250000
692,11,1,0,123,1,2018,33000,1,1330000
693,1,1,1,109,3,2012,137000,1,570000
694,16,1,0,150,1,2021,16000,1,2530000
695,1,1,2,140,1,2020,7000,1,2300000
696,8,1,1,100,2,2018,80000,1,1040000
697,8,1,0,84,2,2018,56000,1,980000
698,17,1,0,247,1,2019,124000,1,2510000
699,2,1,0,150,1,2019,80000,1,1310000
700,11,1,0,100,1,2021,10000,1,1460000
701,2,1,0,130,3,2017,163000,1,1090000
702,13,1,2,281,1,2021,42000,1,3730000
703,3,1,0,194,2,2021,17000,1,2940000
704,16,1,0,150,1,2022,1000,1,3680000
705,8,1,1,84,3,2018,77000,1,990000
706,14,1,0,123,1,2021,10000,1,1930000
707,7,1,1,163,3,2016,175000,1,1600000
708,0,0,0,202,1,2017,122000,1,2460000
709,8,1,0,84,2,2020,48000,1,1290000
711,13,1,2,281,1,2021,21000,1,4720000
713,3,1,0,150,1,2021,67000,1,2280000
714,2,1,0,128,3,2020,68000,1,1860000
715,8,1,1,84,1,2020,13000,1,1200000
716,7,1,0,150,1,2017,83000,1,1520000
717,13,1,0,180,2,2021,13000,1,4140000
718,2,1,1,128,1,2021,14000,1,2250000
719,14,1,0,150,2,2019,16000,1,1700000
720,3,1,0,150,1,2021,42000,1,2720000
721,12,1,2,177,1,2020,41000,1,2100000
722,3,1,0,150,2,2020,39000,1,2480000
723,1,0,1,136,1,2019,65000,1,1580000
724,14,1,1,124,3,2015,151000,1,800000
725,2,1,0,130,1,2018,37000,1,1430000
726,3,1,0,150,1,2021,42000,1,2720000
727,12,1,2,177,1,2020,41000,1,2100000
728,3,1,0,150,2,2020,39000,1,2480000
729,1,0,1,136,1,2019,65000,1,1580000
730,14,1,1,124,3,2015,151000,1,800000
731,2,1,0,130,1,2018,37000,1,1430000
732,7,1,0,150,1,2018,52000,1,1590000
733,13,1,0,175,1,2019,109000,1,2120000
734,3,1,0,194,4,2020,42000,1,2040000
735,1,1,1,120,1,2019,73000,1,1790000
736,7,1,0,188,1,2017,105000,1,1700000
737,8,1,0,84,2,2019,33000,1,1140000
738,1,0,2,136,1,2020,59000,1,1920000
739,3,1,0,194,2,2020,55000,1,2250000
740,0,0,0,202,1,2021,5000,1,6000000
741,12,1,2,177,1,2021,16000,1,2540000
742,16,1,1,150,1,2022,1000,1,3380000
743,16,1,0,150,1,2017,80000,1,1850000
744,13,0,0,184,3,2020,25000,1,2650000
745,18,0,1,75,1,2014,213000,1,740000
746,16,1,0,190,1,2022,5000,1,4030000
747,17,1,0,197,1,2021,44000,1,2790000
748,12,0,2,136,1,2021,14000,1,2320000
749,16,1,0,150,2,2016,130000,1,1630000
750,16,1,0,150,1,2019,77000,1,2000000
751,13,1,0,249,1,2020,33000,1,4200000
752,13,0,2,199,2,2020,55000,1,3940000
753,16,1,0,150,1,2021,22000,1,2500000
754,13,1,0,188,1,2020,70000,1,2860000
755,7,1,0,245,3,2018,70000,1,1910000
756,7,2,0,150,4,2013,113000,1,1020000
757,3,1,0,150,1,2021,27000,1,2510000
758,16,1,0,190,1,2022,1000,1,3370000
759,16,1,0,150,2,2018,63000,1,1800000
760,7,1,0,150,1,2019,58000,1,1410000
761,16,1,0,150,1,2022,1000,1,3150000
762,13,1,1,175,1,2018,48000,1,1870000
763,1,1,2,140,4,2019,50000,1,1410000
764,16,0,0,186,1,2022,1000,1,4020000
765,16,1,0,190,1,2022,1000,1,3660000
766,13,2,0,230,1,2020,20000,1,3510000
767,16,1,0,184,1,2018,132000,1,1910000
768,13,0,0,200,2,2017,51000,1,2410000
769,12,1,1,123,3,2020,11000,1,2170000
770,12,1,3,149,1,2020,51000,1,2590000
771,7,1,0,188,2,2020,45000,1,2500000
772,11,1,0,123,1,2021,76000,1,1560000
773,11,1,0,123,1,2021,57000,1,1670000
774,7,1,0,188,2,2019,127000,1,2020000
775,2,1,1,128,1,2021,4000,1,2040000
776,1,0,2,115,2,2019,77000,1,1310000
777,3,1,0,194,1,2020,23000,1,2550000
778,8,1,0,84,1,2020,35000,1,1330000
779,16,1,0,150,1,2020,17000,1,2580000
780,3,1,0,194,1,2020,51000,1,2610000
781,3,1,0,150,2,2021,61000,1,2290000
782,1,1,0,128,1,2021,34000,1,1790000
783,11,1,0,123,2,2019,99000,1,1240000
784,16,1,0,150,1,2020,35000,1,2410000
785,3,1,0,150,1,2020,30000,1,2780000
786,12,1,0,121,1,2020,58000,1,2120000
787,8,1,0,84,1,2020,44000,1,1260000
788,16,1,0,150,1,2020,45000,1,2380000
789,17,0,0,200,1,2018,81000,1,2230000
790,13,0,0,197,4,2013,172000,1,1370000
791,13,0,0,200,1,2016,79000,1,2230000
792,7,1,0,245,4,2017,132000,1,1540000
793,0,0,0,202,1,2019,26000,1,3220000
794,13,0,0,197,2,2014,164000,1,1610000
795,3,1,0,150,1,2022,1000,1,3140000
796,13,0,0,186,2,2019,73000,1,3170000
797,16,0,2,136,1,2021,16000,1,3030000
798,13,1,0,175,2,2019,36000,1,2630000
800,16,1,0,150,1,2018,35000,1,1800000
801,16,1,0,150,2,2018,59000,1,1910000
802,1,1,0,128,1,2020,23000,1,1750000
803,16,1,0,184,1,2019,111000,1,2660000
804,14,1,0,150,1,2021,15000,1,2550000
805,16,1,0,150,2,2019,39000,1,2430000
806,10,1,0,424,1,2017,51000,1,3140000
807,3,1,0,150,1,2021,28000,1,3690000
808,7,1,0,150,1,2019,53000,1,2110000
809,11,1,0,123,1,2020,2000,1,2310000
810,3,1,0,194,1,2021,38000,1,3900000
811,3,1,0,150,1,2021,29000,1,2500000
812,2,1,0,150,1,2020,38000,1,2140000
813,11,1,1,100,1,2021,17000,1,1930000
814,11,1,0,100,1,2020,47000,1,1380000
815,16,1,0,150,1,2020,23000,1,2500000
816,1,1,0,128,1,2018,43000,1,1780000
817,13,0,0,200,3,2018,92000,1,3010000
818,11,1,0,123,2,2018,33000,1,1570000
819,14,1,0,150,2,2019,75000,1,1740000
820,11,1,0,123,3,2012,189000,1,590000
821,7,1,0,150,1,2019,21000,1,2200000
822,9,1,2,200,1,2019,24000,1,2810000
823,7,1,0,150,1,2019,21000,1,2200000
824,9,1,2,200,1,2019,24000,1,2810000
825,14,1,0,150,1,2019,16000,1,1840000
826,3,1,0,194,1,2020,35000,1,2500000
827,12,1,3,149,1,2020,24000,1,2540000
828,12,1,3,149,1,2021,12000,1,2950000
829,3,1,0,194,1,2020,48000,1,3310000
830,2,1,0,150,1,2019,73000,1,1680000
831,1,1,2,140,1,2019,128000,1,1690000
832,3,1,0,180,1,2021,34000,1,3540000
833,13,0,0,197,1,2019,103000,1,3050000
834,7,1,2,180,2,2019,147000,1,1830000
835,16,1,0,150,2,2017,71000,1,2170000
836,13,1,0,180,1,2020,39000,1,3260000
837,11,1,0,123,1,2022,9000,1,2330000
838,11,1,0,123,1,2021,7000,1,1910000
839,11,1,0,123,1,2020,29000,1,1620000
840,11,1,0,123,1,2020,27000,1,1770000
841,17,1,0,247,3,2018,63000,1,3050000
842,16,1,0,150,1,2020,19000,1,2550000
843,7,1,0,188,2,2019,5000,1,3140000
844,1,0,1,115,1,2019,84000,1,2250000
845,7,1,1,274,2,2012,126000,1,960000
846,16,1,0,150,4,2011,146000,1,1200000
847,11,1,0,123,1,2015,150000,1,890000
848,16,1,0,150,4,2011,146000,1,1200000
849,11,1,0,123,1,2015,150000,1,890000
850,7,1,0,188,1,2019,92000,1,1860000
851,2,1,0,122,4,2006,276000,1,260000
852,16,0,0,185,1,2018,132000,1,2170000
853,7,1,0,180,1,2015,172000,1,1290000
854,11,1,1,123,1,2014,40000,1,980000
855,2,1,1,130,3,2014,171000,1,870000
856,16,1,1,141,2,2010,299000,1,770000
857,11,1,0,112,3,2010,168000,1,570000
858,16,1,0,261,2,2013,223000,1,1150000
859,7,1,0,150,2,2012,173000,1,1030000
860,11,1,1,97,3,2009,143000,1,510000
861,2,1,0,150,1,2011,233000,1,580000
862,1,1,0,129,2,2014,131000,1,1250000
863,11,1,0,97,2,2011,188000,1,560000
864,11,1,0,123,1,2021,16000,1,1840000
865,11,1,1,123,2,2016,92000,1,1040000
866,7,1,0,245,1,2017,75000,1,2140000
867,17,1,0,247,2,2018,90000,1,3010000
868,11,1,0,123,1,2019,30000,1,1760000
869,2,1,0,128,2,2019,62000,1,1700000
870,15,1,0,140,2,2008,236000,1,250000
871,8,1,0,85,1,2012,261000,1,670000
872,1,1,1,129,1,2013,123000,1,970000
873,2,1,1,130,2,2017,45000,1,1170000
874,16,1,0,150,4,2016,114000,1,1660000
875,16,1,0,150,1,2012,156000,1,1190000
876,1,1,0,122,1,2011,114000,1,840000
877,0,0,1,144,3,2004,181000,1,400000
878,11,1,0,123,2,2017,75000,1,1330000
879,11,1,0,107,2,2015,171000,1,780000
880,16,1,0,150,1,2016,201000,1,1660000
881,8,1,0,85,3,2014,60000,1,880000
882,16,0,0,83,3,2002,121000,1,320000
883,15,1,0,140,2,2006,93000,1,200000
884,13,1,1,195,4,2003,488000,1,430000
885,15,1,0,140,2,2006,93000,1,200000
886,13,1,1,195,4,2003,488000,1,430000
887,11,1,1,107,2,2011,161000,1,710000
888,11,1,0,123,4,2015,140000,1,750000
889,13,1,0,195,2,2004,186000,1,400000
890,11,1,0,123,1,2017,68000,1,1370000
891,2,1,0,150,1,2020,27000,1,2010000
892,2,1,1,126,4,2010,223000,1,640000
893,2,1,0,150,3,2015,152000,1,1000000
894,7,1,0,150,2,2019,96000,1,1670000
895,14,1,0,150,1,2019,59000,1,2170000
896,11,1,1,123,4,2014,349000,1,540000
898,2,1,0,150,2,2017,97000,1,1330000
899,1,1,2,135,2,2017,42000,1,1560000
900,11,1,1,107,1,2014,102000,1,920000
901,11,1,0,98,3,2005,198000,1,300000
902,11,1,0,107,4,2012,216000,1,550000
903,11,1,1,123,1,2014,121000,1,740000
904,16,1,0,150,1,2011,134000,1,1200000
905,2,1,0,130,1,2019,128000,1,1450000
906,13,0,1,197,3,2014,171000,1,1500000
907,13,1,0,248,4,2008,212000,1,800000
908,8,1,1,60,4,2007,157000,1,290000
909,16,1,1,150,1,2019,26000,1,1940000
910,11,1,1,97,1,2006,396000,1,400000
911,16,1,0,150,4,2016,125000,1,1920000
912,11,1,0,123,1,2021,14000,1,1620000
913,16,1,0,150,2,2017,106000,1,2860000
914,7,1,0,150,1,2020,63000,1,1890000
915,1,1,0,129,3,2015,183000,1,1200000
916,11,1,0,123,4,2018,74000,1,1150000
917,13,0,0,197,3,2014,142000,1,1500000
918,13,1,0,175,4,2013,194000,1,1340000
919,1,1,0,130,1,2015,129000,1,1370000
920,11,1,0,123,2,2018,134000,1,1150000
922,11,1,0,123,2,2018,134000,1,1150000
924,1,0,1,115,1,2019,50000,1,1430000
925,1,1,0,129,1,2013,164000,1,1040000
926,11,1,0,97,4,2009,178000,1,460000
927,16,1,0,150,3,2018,95000,1,1740000
928,1,1,1,109,3,2009,281000,1,550000
929,5,0,0,250,1,2017,97000,1,3630000
930,11,1,1,123,3,2015,103000,1,590000
931,4,1,0,164,1,2009,71000,1,920000
932,5,0,0,250,3,2012,189000,1,1740000
933,2,1,0,150,2,2018,74000,1,1710000
934,11,1,1,123,3,2012,159000,1,830000
935,13,1,0,188,4,2015,99000,1,2160000
936,17,1,0,247,2,2019,15000,1,3540000
937,11,1,1,123,4,2012,187000,1,700000
938,16,0,1,186,1,2021,1000,1,3570000
939,2,1,0,150,2,2011,197000,1,770000
940,16,1,0,150,1,2021,9000,1,2790000
941,18,1,0,125,3,2012,118000,1,730000
942,16,1,1,141,4,2010,227000,1,780000
943,16,1,0,141,2,2009,160000,1,870000
944,7,1,0,245,1,2019,159000,1,1360000
945,2,1,0,150,4,2010,157000,1,600000
946,11,1,0,123,3,2015,301000,1,750000
947,2,1,1,148,1,2015,161000,1,1310000
948,13,1,0,175,3,2012,171000,1,1450000
949,13,1,0,195,3,2002,225000,1,480000
950,14,0,0,128,3,2012,142000,1,830000
951,11,1,0,123,2,2020,33000,1,1420000
952,7,1,0,245,1,2018,46000,1,2720000
953,16,1,0,190,1,2022,1000,1,3300000
954,16,1,0,150,1,2017,47000,1,2080000
955,7,1,0,150,1,2019,120000,1,1350000
956,12,1,0,123,1,2021,39000,1,2120000
957,15,1,0,140,4,2006,177000,1,180000
958,11,1,1,123,1,2015,197000,1,930000
959,15,1,1,126,2,2006,314000,1,200000
960,15,1,0,101,4,2007,190000,1,220000
961,11,1,0,98,3,2003,238000,1,240000
962,2,1,0,176,3,2011,141000,1,1130000
963,0,1,0,280,1,2018,61000,1,2740000
964,16,1,1,150,1,2017,76000,1,1650000
965,16,1,0,150,2,2012,129000,1,1340000
966,16,1,0,150,3,2011,134000,1,1070000
967,2,1,0,143,2,2006,150000,1,320000
968,15,1,1,101,4,2007,202000,1,320000
969,6,1,0,187,2,2006,170000,1,370000
970,15,1,0,140,4,2006,124000,1,300000
971,2,1,1,130,1,2019,40000,1,1410000
972,11,1,0,123,3,2016,104000,1,830000
973,11,1,1,123,1,2021,9000,1,1800000
974,1,1,1,122,3,2009,183000,1,520000
975,11,1,1,123,2,2018,44000,1,1100000
976,14,1,0,150,1,2018,39000,1,2230000
977,1,0,1,128,1,2014,101000,1,1000000
978,11,1,0,107,2,2013,97000,1,800000
979,16,1,0,240,3,2020,41000,1,2530000
980,13,0,0,186,1,2020,34000,1,3430000
981,13,1,0,175,2,2015,101000,1,2180000
982,13,0,0,145,3,2007,370000,1,870000
983,11,1,0,123,3,2013,64000,1,720000
984,11,1,0,123,2,2016,119000,1,970000
985,11,1,1,123,2,2012,201000,1,600000
986,18,1,1,90,2,2012,181000,1,570000
987,16,1,0,135,4,2000,235000,1,200000
988,11,1,1,123,2,2019,44000,1,1570000
989,1,1,1,122,4,2008,232000,1,510000
990,2,1,0,128,2,2020,32000,1,1790000
991,11,1,1,98,3,2002,261000,1,170000
992,12,1,3,149,1,2022,10000,1,3400000
993,13,1,0,262,3,2006,268000,1,610000
994,15,1,1,101,3,2008,319000,1,170000
995,11,1,0,123,3,2013,77000,1,780000
996,11,1,0,112,3,2006,276000,1,340000
997,13,1,0,262,3,2006,268000,1,610000
998,15,1,1,101,3,2008,319000,1,170000
999,11,1,1,107,3,2013,77000,1,780000
1000,11,1,0,112,3,2006,276000,1,340000
1001,8,1,0,65,4,2009,198000,1,420000
1002,14,1,0,124,3,2015,78000,1,1260000
1003,16,1,0,150,2,2017,88000,1,1950000
1004,11,1,0,123,3,2015,246000,1,660000
1005,3,1,0,150,2,2020,15000,1,2620000
1006,12,1,1,123,1,2021,14000,1,1930000
1007,1,1,1,128,4,2018,76000,1,1700000
1008,7,1,0,188,2,2019,112000,1,2180000
1009,1,1,1,100,1,2020,60000,1,1760000
1010,1,1,0,122,4,2007,162000,1,550000
1011,8,1,0,69,3,2013,118000,1,600000
1012,11,1,0,97,4,2009,107000,1,610000
1013,2,1,0,128,2,2020,36000,1,2200000
1014,11,1,1,123,1,2021,16000,1,1800000
1015,6,1,0,187,4,2006,217000,1,320000
1016,7,1,0,150,1,2019,54000,1,1850000
1017,6,1,0,203,4,2006,171000,1,320000
1018,13,0,0,197,3,2011,212000,1,1530000
1019,1,0,1,128,4,2013,210000,1,730000
1020,1,1,1,122,3,2008,214000,1,430000
1021,16,1,0,150,2,2017,47000,1,2290000
1022,11,1,0,123,1,2012,61000,1,610000
1023,1,1,1,109,2,2011,94000,1,770000
1024,1,1,1,129,2,2014,165000,1,930000
1025,11,1,1,107,2,2016,59000,1,920000
1026,2,1,0,150,3,2011,262000,1,2030000
1027,1,1,0,128,1,2018,75000,1,1610000
1028,15,1,0,126,3,2007,149000,1,200000
1029,13,1,0,240,2,2017,105000,1,2920000
1030,11,1,1,107,3,2015,203000,1,500000
1031,1,0,1,115,4,2008,289000,1,560000
1032,2,1,1,156,4,2009,213000,1,580000
1033,16,0,0,136,2,2012,142000,1,1350000
1034,7,1,0,188,2,2018,98000,1,2090000
1035,5,1,0,274,2,2011,231000,1,1660000
1036,11,1,0,107,1,2015,125000,1,650000
1037,2,1,0,128,1,2019,82000,1,1890000
1038,13,0,1,140,3,2003,190000,1,500000
1039,1,1,1,125,3,2010,155000,1,610000
1040,1,1,1,129,4,2013,251000,1,710000
1041,13,0,0,197,2,2014,164000,1,1750000
1042,11,1,1,123,2,2013,152000,1,740000
1043,9,1,2,200,1,2020,32000,1,3370000
1044,7,1,0,150,4,2013,111000,1,1080000
1045,11,1,0,107,3,2015,165000,1,580000
1046,1,1,1,129,2,2015,189000,1,940000
1047,1,1,0,129,3,2014,68000,1,1100000
1048,7,1,0,188,3,2017,106000,1,1710000
1049,7,1,0,150,1,2017,194000,1,1640000
1050,13,1,0,175,2,2018,123000,1,2330000
1051,7,1,0,180,3,2013,352000,1,940000
1052,11,1,0,123,2,2015,82000,1,980000
1053,2,0,1,112,3,2005,270000,1,400000
1054,16,1,0,150,2,2013,143000,1,1200000
1055,18,1,1,125,2,2013,144000,1,720000
1057,17,1,0,197,2,2018,78000,1,2060000
1059,14,1,1,123,1,2021,23000,1,1740000
1060,1,0,0,128,2,2015,239000,1,740000
1061,16,1,0,190,1,2022,1000,1,3490000
1062,13,1,0,240,2,2015,160000,1,2030000
1063,13,1,0,175,1,2020,61000,1,2910000
1064,1,1,0,128,1,2021,1000,1,2420000
1065,16,1,0,141,4,2005,171000,1,480000
1066,8,0,1,75,2,2008,269000,1,510000
1067,12,1,0,121,1,2020,36000,1,1890000
1068,16,1,0,150,1,2022,1000,1,4190000
1069,11,1,0,123,2,2020,25000,1,1770000
1070,11,1,1,123,1,2019,49000,1,1430000
1071,11,1,1,100,1,2021,37000,1,1130000
1072,11,1,1,100,1,2021,42000,1,1560000
1073,13,1,0,188,1,2019,54000,1,2630000
1074,16,1,0,184,2,2019,106000,1,1980000
1075,3,1,0,150,1,2021,22000,1,2650000
1076,16,1,1,150,1,2022,1000,1,3760000
1077,11,1,0,123,1,2021,56000,1,1680000
1078,12,1,2,177,1,2020,30000,1,2360000
1079,12,1,3,149,1,2021,23000,1,2320000
1080,5,0,0,249,1,2020,21000,1,5670000
1081,16,1,0,190,1,2022,4000,1,3570000
1082,0,1,0,249,1,2021,20000,1,5390000
1083,16,2,0,180,1,2022,1000,1,3900000
1084,13,1,0,240,1,2018,86000,1,2270000
1085,14,1,0,150,1,2019,74000,1,1620000
1086,16,0,0,186,1,2022,1000,1,3400000
1087,11,1,0,100,1,2020,48000,1,1460000
1088,13,1,0,180,1,2021,20000,1,4110000
1089,3,2,0,195,1,2022,1000,1,3390000
1090,3,1,0,194,1,2021,34000,1,2750000
1091,0,1,0,280,1,2019,30000,1,2940000
1092,16,1,0,150,1,2021,29000,1,2750000
1093,0,1,0,280,1,2018,62000,1,3320000
1094,16,1,0,190,1,2022,1000,1,3840000
1095,0,0,0,202,1,2018,46000,1,2790000
1096,13,1,0,180,1,2021,41000,1,3440000
1097,14,1,0,150,1,2022,1000,1,2190000
1098,16,1,0,190,1,2022,1000,1,3550000
1099,16,1,0,150,1,2022,1000,1,3180000
1100,16,1,0,150,1,2022,1000,1,3770000
1101,16,1,0,190,1,2022,1000,1,3660000
1102,16,1,0,150,1,2022,1000,1,3890000
1103,1,0,2,136,1,2021,10000,1,2640000
1104,11,1,0,123,1,2021,37000,1,1390000
1105,16,1,0,190,1,2022,1000,1,3580000
1106,13,1,0,180,1,2022,1000,1,4670000
1107,2,0,1,112,2,2006,127000,1,320000
1108,16,1,0,184,1,2021,40000,1,2610000
1109,1,1,0,128,2,2020,74000,1,2030000
1110,7,1,0,188,3,2018,72000,1,1960000
1111,11,1,0,100,2,2019,71000,1,1220000
1112,7,1,0,150,2,2018,85000,1,2240000
1113,14,1,0,150,1,2020,25000,1,1900000
1114,16,1,0,184,1,2022,7000,1,3550000
1115,13,0,0,200,1,2019,66000,1,3810000
1116,1,1,2,135,2,2018,110000,1,1420000
1117,16,1,0,150,1,2020,34000,1,2640000
1118,11,1,0,123,1,2021,9000,1,1930000
1119,2,1,1,130,1,2018,79000,1,1400000
1120,11,1,0,123,1,2019,37000,1,1660000
1121,3,1,0,194,2,2021,57000,1,3150000
1122,7,1,0,150,1,2018,152000,1,1820000
1123,11,1,0,123,1,2021,12000,1,2190000
1124,8,1,0,67,1,2022,4000,1,1890000
1125,1,1,0,128,1,2021,39000,1,2100000
1126,11,1,0,123,1,2021,2000,1,1950000
1127,14,1,0,150,1,2019,49000,1,2100000
1128,11,1,0,123,1,2020,47000,1,1400000
1129,3,1,0,194,1,2021,19000,1,3010000
1130,7,1,0,188,1,2018,49000,1,2440000
1131,7,1,0,188,1,2019,50000,1,2640000
1132,3,1,0,150,1,2020,63000,1,2530000
1133,0,0,0,199,1,2021,6000,1,4920000
1134,1,0,2,136,1,2018,66000,1,1550000
1135,8,1,2,84,1,2021,19000,1,1640000
1136,1,1,0,130,1,2018,122000,1,1540000
1137,2,1,1,128,2,2021,20000,1,2220000
1138,14,1,0,150,1,2021,14000,1,2350000
1139,11,1,0,100,1,2021,44000,1,1810000
1140,14,1,0,123,3,2020,11000,1,2040000
1141,7,1,0,150,1,2019,29000,1,2560000
1142,7,1,0,188,1,2018,56000,1,2270000
1143,11,1,0,123,1,2021,15000,1,1740000
1144,3,1,0,150,1,2021,52000,1,2200000
1145,3,1,0,194,1,2020,123000,1,2750000
1146,14,1,0,150,1,2020,14000,1,1920000
1147,13,1,0,188,2,2019,84000,1,3660000
1148,16,1,0,150,1,2018,92000,1,2060000
1149,16,1,0,184,1,2021,11000,1,3140000
1150,16,1,0,150,1,2021,16000,1,3000000
1151,16,1,0,184,1,2019,77000,1,2310000
1152,16,0,0,185,1,2021,23000,1,3750000
1153,13,1,0,175,1,2018,68000,1,2550000
1154,5,0,0,250,1,2019,46000,1,3180000
1155,3,2,0,195,1,2021,40000,1,3000000
1156,16,1,0,150,1,2020,16000,1,2530000
1157,1,1,1,130,1,2017,91000,1,1280000
1158,13,0,0,200,2,2018,58000,1,4060000
1159,14,1,0,150,1,2018,116000,1,1530000
1160,13,0,0,170,3,2011,151000,1,990000
1161,11,1,1,97,1,2010,170000,1,530000
1162,15,1,1,126,3,2008,161000,1,300000
1163,1,1,0,122,3,2010,231000,1,680000
1164,13,1,0,175,2,2012,179000,1,1380000
1166,2,1,0,156,2,2011,168000,1,800000
1167,11,1,0,123,1,2020,62000,1,1240000
1168,1,1,0,129,3,2014,100000,1,930000
1169,13,0,1,184,1,2012,230000,1,1230000
1170,1,1,2,135,1,2017,107000,1,1300000
1171,16,1,0,150,2,2012,95000,1,1200000
1172,16,1,1,150,4,2016,104000,1,1520000
1173,11,1,1,107,2,2015,98000,1,890000
1174,7,1,0,150,1,2019,49000,1,1770000
1175,13,0,0,200,1,2020,62000,1,4180000
1176,11,1,1,100,3,2018,92000,1,1220000
1177,16,0,0,185,2,2017,171000,1,1930000
1178,5,0,0,250,2,2013,233000,1,2210000
1179,14,1,0,124,1,2016,110000,1,1210000
1180,1,1,0,129,4,2012,145000,1,720000
1181,11,1,1,123,1,2021,5000,1,1700000
1182,2,1,1,122,4,2007,334000,1,250000
1183,11,1,1,107,2,2012,269000,1,630000
1184,1,1,0,129,3,2013,218000,1,760000
1185,16,1,1,163,1,2012,150000,1,1280000
1186,1,1,1,129,2,2013,104000,1,880000
1187,3,1,0,194,1,2020,50000,1,2540000
1188,11,1,1,107,1,2013,158000,1,610000
1189,2,1,0,150,2,2010,220000,1,760000
1190,1,1,1,129,4,2013,123000,1,960000
1191,16,1,0,150,1,2016,135000,1,1460000
1192,2,1,1,128,1,2018,41000,1,1840000
1193,16,1,0,150,2,2014,100000,1,1600000
1194,16,1,0,150,1,2016,116000,1,1660000
1195,2,1,1,128,1,2021,27000,1,2240000
1196,15,1,1,101,3,2006,153000,1,240000
1197,16,1,0,243,1,2019,63000,1,2000000
1198,13,0,0,197,3,2014,160000,1,1790000
1199,17,1,0,247,1,2018,99000,1,2180000
1200,7,1,0,188,2,2016,90000,1,1850000
1201,16,1,0,150,2,2014,102000,1,1370000
1202,2,1,0,150,2,2017,110000,1,1250000
1203,16,1,0,150,2,2013,155000,1,1310000
1204,1,0,1,140,3,2007,226000,1,480000
1205,16,1,0,150,2,2015,151000,1,1300000
1206,16,1,0,243,1,2020,30000,1,2200000
1207,5,0,0,249,2,2020,64000,1,5780000
1208,1,1,0,130,1,2018,128000,1,1410000
1209,15,1,1,140,1,2008,238000,1,260000
1210,14,1,0,124,2,2016,81000,1,1310000
1211,7,1,0,150,2,2020,75000,1,2070000
1212,11,1,1,123,2,2012,213000,1,630000
1213,15,1,1,126,2,2007,219000,1,350000
1214,8,1,1,62,2,2010,126000,1,420000
1215,11,1,1,97,4,2011,165000,1,450000
1216,2,1,1,130,3,2014,131000,1,840000
1217,16,0,0,136,3,2011,142000,1,920000
1218,4,1,0,145,2,2008,201000,1,630000
1219,1,1,0,129,3,2013,73000,1,1100000
1220,0,0,0,202,1,2015,48000,1,2400000
1221,13,0,2,199,1,2021,19000,1,4690000
1222,13,1,0,175,4,2012,208000,1,1270000
1223,1,1,2,135,3,2016,116000,1,1370000
1224,2,1,1,126,3,2010,282000,1,660000
1225,11,1,0,97,3,2010,154000,1,460000
1226,11,1,0,107,1,2015,44000,1,970000
1227,11,1,0,123,2,2018,48000,1,1250000
1228,4,1,1,145,4,2006,150000,1,510000
1229,2,1,0,150,1,2015,108000,1,1060000
1230,2,1,0,150,2,2014,78000,1,1190000
1231,16,1,0,150,1,2016,110000,1,1770000
1232,11,1,1,123,2,2013,111000,1,730000
1233,11,1,0,123,3,2016,243000,1,620000
1234,16,1,1,150,2,2013,232000,1,1110000
1235,2,1,0,130,3,2016,69000,1,1070000
1236,1,1,1,125,2,2010,240000,1,480000
1237,2,1,1,128,1,2021,22000,1,2150000
1238,16,1,0,240,3,2016,60000,1,1620000
1239,11,1,0,123,2,2016,84000,1,1110000
1240,11,1,1,107,4,2012,163000,1,680000
1241,13,1,0,175,2,2014,155000,1,1450000
1242,7,1,0,150,1,2019,201000,1,1520000
1243,7,1,1,150,2,2019,68000,1,1740000
1244,16,1,0,150,3,2010,134000,1,1030000
1245,16,0,0,136,2,2014,176000,1,1030000
1246,11,1,0,123,1,2021,8000,1,2000000
1247,11,1,1,100,2,2017,19000,1,1190000
1248,13,0,0,170,4,2007,179000,1,720000
1249,17,1,0,247,3,2017,75000,1,2530000
1250,13,0,0,200,2,2017,102000,1,2720000
1251,7,1,0,188,1,2018,86000,1,2310000
1252,0,1,0,249,1,2021,40000,1,6440000
1253,4,1,0,169,4,2002,272000,1,180000
1254,1,0,1,110,1,2016,96000,1,1000000
1255,3,1,0,150,1,2021,14000,1,3430000
1256,2,1,1,130,2,2013,184000,1,890000
1257,11,1,0,95,4,2010,220000,1,450000
1258,1,1,0,130,2,2017,96000,1,1410000
1259,2,1,0,130,1,2018,267000,1,1320000
1260,1,1,0,130,2,2015,98000,1,1220000
1261,2,1,0,128,1,2019,86000,1,1820000
1262,13,0,0,200,2,2016,250000,1,1950000
1263,1,1,1,100,2,2017,114000,1,1160000
1264,11,1,1,123,1,2014,282000,1,690000
1265,8,1,1,64,4,2007,219000,1,390000
1266,16,0,0,136,3,2011,191000,1,1110000
1267,0,1,0,280,1,2017,54000,1,2850000
1268,11,1,0,123,2,2020,21000,1,1240000
1269,14,1,0,132,2,2017,97000,1,1550000
1270,11,1,1,105,4,2004,183000,1,260000
1271,2,1,0,140,4,2010,150000,1,820000
1272,13,1,0,175,4,2011,116000,1,1350000
1273,2,1,0,130,1,2018,170000,1,1640000
1274,1,1,0,122,4,2010,251000,1,1000000
1275,13,0,1,170,2,2006,321000,1,430000
1276,13,0,0,200,2,2018,84000,1,2730000
1277,1,1,1,129,1,2013,185000,1,910000
1278,11,1,1,107,2,2015,116000,1,740000
1279,18,1,0,124,2,2015,46000,1,1380000
1280,5,0,0,250,1,2013,184000,1,2310000
1281,16,1,1,150,2,2015,138000,1,1220000
1282,1,1,2,135,1,2017,65000,1,1380000
1284,0,1,1,150,3,2005,465000,1,380000
1285,7,1,0,188,2,2018,39000,1,2600000
1286,11,1,1,107,2,2015,311000,1,640000
1287,11,1,1,112,4,2010,110000,1,540000
1288,7,1,1,163,2,2017,118000,1,1840000
1289,14,1,2,204,2,2017,67000,1,1640000
1290,2,1,0,130,1,2014,157000,1,1020000
1291,1,1,1,122,4,2008,122000,1,530000
1292,16,0,0,186,1,2020,35000,1,2790000
1293,7,1,0,150,4,2012,118000,1,1000000
1294,3,1,0,194,2,2020,38000,1,3210000
1295,14,1,1,124,4,2010,160000,1,660000
1296,8,0,1,75,3,2009,138000,1,410000
1297,1,1,0,128,1,2020,50000,1,1810000
1298,3,1,0,194,1,2021,9000,1,2710000
1299,1,1,0,130,1,2015,227000,1,1080000
1300,1,1,0,129,1,2012,144000,1,840000
1301,7,1,2,180,1,2019,95000,1,2070000
1302,1,1,0,130,2,2017,87000,1,1280000
1303,11,1,1,123,2,2017,136000,1,1000000
1304,11,1,0,123,1,2021,11000,1,1900000
1305,14,1,0,123,1,2020,29000,1,2190000
1306,7,1,0,188,1,2019,75000,1,2530000
1307,16,0,0,185,2,2016,76000,1,2190000
1308,13,1,0,175,3,2014,127000,1,1630000
1309,13,1,0,175,2,2012,205000,1,1150000
1310,11,1,0,123,2,2011,217000,1,590000
1311,6,1,0,266,3,2008,226000,1,550000
1312,16,1,1,177,1,2021,14000,1,3070000
1313,1,1,0,130,1,2018,266000,1,1330000
1314,11,1,1,97,3,2003,207000,1,130000
1315,1,1,0,129,2,2013,214000,1,1030000
1316,16,1,0,150,1,2016,53000,1,1960000
1317,14,1,1,142,3,2010,152000,1,640000
1318,16,1,1,163,4,2013,140000,1,1460000
1319,11,1,0,123,2,2020,17000,1,1840000
1320,13,0,0,170,2,2008,270000,1,670000
1321,1,1,0,122,2,2009,330000,1,520000
1322,8,1,1,67,2,2017,50000,1,1100000
1323,14,1,0,140,2,2014,55000,1,1520000
1324,5,1,0,274,3,2010,191000,1,1180000
1325,16,0,0,185,3,2017,117000,1,1920000
1326,1,1,1,129,4,2014,93000,1,1020000
1327,1,1,0,122,3,2011,76000,1,850000
1328,11,1,0,123,1,2019,97000,1,1260000
1329,3,2,0,195,1,2020,40000,1,2480000
1330,11,1,1,97,3,2011,226000,1,490000
1331,13,1,0,188,1,2019,86000,1,2800000
1332,0,0,0,199,1,2021,18000,1,5020000
1333,11,1,0,123,2,2016,117000,1,910000
1334,14,0,0,128,1,2014,112000,1,950000
1335,16,1,0,150,1,2016,72000,1,1960000
1336,16,1,0,150,4,2011,205000,1,930000
1337,11,1,0,100,1,2019,63000,1,1420000
1338,11,1,0,123,2,2018,102000,1,1290000
1339,16,1,0,150,2,2016,102000,1,1540000
1340,2,1,0,143,2,2006,265000,1,280000
1341,2,0,1,102,2,2005,179000,1,450000
1342,7,1,0,180,1,2015,90000,1,1140000
1343,10,1,0,290,3,2013,278000,1,1440000
1344,11,1,0,123,2,2013,118000,1,950000
1345,16,0,0,112,1,2006,219000,1,710000
1346,2,1,1,130,2,2018,57000,1,1510000
1347,1,1,1,126,2,2011,196000,1,540000
1348,15,1,1,140,4,2007,231000,1,250000
1349,13,1,0,175,2,2013,137000,1,1520000
1350,16,1,0,150,1,2021,41000,1,2740000
1351,7,1,0,150,2,2018,90000,1,2040000
1352,11,1,0,100,1,2017,167000,1,910000
1353,2,1,1,128,2,2019,58000,1,1900000
1354,5,0,0,260,1,2020,76000,1,4990000
1355,1,1,0,129,1,2013,166000,1,910000
1356,8,1,1,85,1,2014,55000,1,760000
1357,2,1,0,130,2,2014,260000,1,920000
1358,16,1,0,150,2,2017,133000,1,1630000
1359,11,1,1,97,4,2011,129000,1,420000
1360,16,1,0,166,2,2015,143000,1,1170000
1361,13,1,0,175,3,2010,160000,1,1080000
1362,16,0,1,184,1,2011,268000,1,1000000
1363,13,0,0,197,2,2018,73000,1,2130000
1364,13,1,1,175,2,2011,221000,1,1080000
1365,1,1,0,130,3,2016,194000,1,1230000
1366,11,1,0,100,1,2022,15000,1,2050000
1367,7,1,0,150,2,2019,164000,1,1430000
1368,1,1,1,129,1,2014,126000,1,740000
1369,15,1,0,126,4,2008,180000,1,290000
1370,2,1,0,176,4,2012,258000,1,800000
1371,8,1,0,60,4,2007,181000,1,320000
1372,11,1,0,107,2,2013,132000,1,710000
1373,15,1,1,126,3,2008,244000,1,280000
1374,11,1,1,107,4,2011,158000,1,780000
1375,16,0,0,184,3,2013,157000,1,980000
1376,1,1,1,100,2,2014,142000,1,900000
1377,16,0,1,185,2,2017,46000,1,1590000
1378,11,1,0,107,2,2015,160000,1,520000
1379,1,1,1,100,2,2019,97000,1,1340000
1380,11,1,0,107,2,2014,139000,1,830000
1381,14,1,0,164,2,2013,127000,1,870000
1382,3,1,0,194,1,2021,75000,1,2700000
1383,1,0,2,115,1,2021,27000,1,2090000
1384,1,0,1,128,2,2012,171000,1,680000
1385,2,1,0,126,3,2013,128000,1,790000
1386,7,1,0,150,1,2019,141000,1,1560000
1387,14,0,1,116,1,2011,66000,1,960000
1388,1,1,1,143,1,2010,73000,1,840000
1390,11,1,1,123,1,2020,33000,1,1600000
1391,16,1,1,150,2,2014,137000,1,1370000
1392,11,1,0,123,3,2015,169000,1,720000
1393,7,1,0,188,2,2016,76000,1,1940000
1394,7,1,0,150,1,2019,54000,1,1920000
1395,16,1,1,141,3,2010,124000,1,930000
1396,11,1,1,100,1,2021,23000,1,1540000
1398,13,1,0,175,1,2017,92000,1,1870000
1399,7,1,0,188,3,2017,99000,1,1590000
1400,8,1,0,84,1,2021,10000,1,1150000
1401,11,1,1,123,1,2020,23000,1,1260000
1402,11,1,1,107,2,2015,82000,1,810000
1403,16,0,0,83,4,1999,114000,1,160000
1404,14,0,1,116,4,2009,291000,1,480000
1405,16,0,0,136,2,2011,167000,1,1320000
1406,1,1,1,120,1,2019,32000,1,1700000
1407,1,0,0,128,2,2015,90000,1,910000
1408,16,1,0,150,3,2013,159000,1,1150000
1409,11,1,1,123,3,2013,272000,1,410000
1410,16,1,0,150,2,2018,43000,1,2540000
1411,1,1,1,129,3,2015,149000,1,780000
1412,1,1,1,143,4,2011,281000,1,690000
1413,11,1,0,97,1,2010,196000,1,410000
1414,3,1,0,194,2,2020,50000,1,3370000
1415,1,1,0,129,1,2015,137000,1,1140000
1416,15,1,0,126,3,2007,279000,1,290000
1417,11,1,1,123,3,2018,202000,1,700000
1418,3,1,0,194,1,2021,76000,1,3080000
1419,7,1,0,188,2,2018,72000,1,1850000
1420,7,1,0,150,2,2019,69000,1,1910000
1421,1,1,2,140,2,2018,59000,1,1570000
1422,7,1,0,180,3,2012,206000,1,930000
1423,1,1,1,109,3,2011,151000,1,570000
1424,7,0,2,141,2,2017,85000,1,1720000
1425,1,1,1,129,3,2015,105000,1,960000
1426,12,0,2,136,2,2020,11000,1,2330000
1427,16,1,0,150,4,2013,141000,1,1360000
1428,11,1,0,107,4,2016,176000,1,620000
1429,11,1,0,100,1,2019,4000,1,1600000
1430,1,1,1,100,2,2014,108000,1,800000
1431,16,1,0,150,4,2010,242000,1,1070000
1432,11,1,0,100,1,2021,35000,1,1780000
1433,15,1,0,140,3,2007,191000,1,280000
1434,2,1,0,128,1,2019,36000,1,1780000
1435,15,1,1,101,4,2007,272000,1,300000
1436,1,1,0,128,1,2019,87000,1,1600000
1437,11,1,1,123,1,2017,116000,1,1060000
1438,3,1,0,150,1,2021,10000,1,3030000
1439,1,1,1,122,3,2007,217000,1,500000
1440,11,1,1,123,4,2013,120000,1,610000
1441,1,1,0,129,3,2013,156000,1,1100000
1442,1,1,0,143,3,2008,237000,1,460000
1443,16,1,0,150,2,2014,148000,1,1150000
1444,8,1,0,60,4,2004,290000,1,250000
1445,11,1,0,107,2,2017,84000,1,910000
1446,2,1,0,150,3,2016,105000,1,1240000
1447,18,1,1,90,3,2012,125000,1,630000
1448,7,1,1,163,1,2017,149000,1,1370000
1449,13,1,0,280,1,2012,278000,1,1450000
1450,1,0,0,128,3,2014,515000,1,520000
1451,13,1,0,262,2,2007,297000,1,690000
1452,15,1,1,101,4,2006,182000,1,160000
1453,1,1,1,126,3,2011,183000,1,640000
1454,16,0,0,136,1,2012,299000,1,1140000
1455,3,1,0,150,1,2021,47000,1,3440000
1456,2,1,1,156,4,2009,116000,1,570000
1457,13,1,1,175,3,2012,147000,1,1570000
1458,11,1,1,123,2,2014,149000,1,700000
1459,13,1,0,175,2,2015,153000,1,2130000
1460,16,0,1,184,1,2015,129000,1,1370000
1461,1,1,1,129,3,2013,171000,1,860000
1462,1,1,2,135,4,2013,215000,1,760000
1463,11,1,0,123,1,2018,85000,1,890000
1464,16,1,0,261,2,2012,117000,1,1610000
1465,16,1,1,141,4,2009,206000,1,1120000
1466,11,1,1,123,3,2012,218000,1,650000
1467,7,1,0,188,2,2017,81000,1,2040000
1468,1,1,2,135,2,2012,124000,1,770000
1469,16,1,1,150,3,2013,181000,1,1130000
1470,1,0,1,115,4,2007,162000,1,600000
1471,11,1,0,123,3,2015,195000,1,760000
1473,11,1,0,123,1,2021,40000,1,1630000
1474,1,1,1,122,3,2011,209000,1,490000
1475,1,1,0,143,3,2009,447000,1,460000
1476,11,1,0,100,4,2019,18000,1,1540000
1477,11,1,0,123,2,2015,131000,1,870000
1478,16,0,1,177,2,2013,123000,1,1200000
1479,7,1,0,278,4,2014,177000,1,1270000
1480,1,1,0,129,2,2015,161000,1,1100000
1481,1,1,0,122,2,2011,71000,1,750000
1482,11,1,0,100,1,2018,109000,1,990000
1483,13,0,0,170,4,2007,178000,1,750000
1484,2,1,0,150,2,2018,84000,1,1520000
1485,1,1,0,122,3,2008,187000,1,560000
1486,11,1,0,123,3,2017,106000,1,980000
1487,11,1,1,123,2,2015,164000,1,810000
1488,11,1,0,107,4,2015,200000,1,500000
1489,2,1,0,130,3,2013,161000,1,1020000
1490,11,1,1,123,3,2016,225000,1,520000
1491,16,1,0,150,2,2014,162000,1,1530000
1492,11,1,1,123,1,2013,174000,1,890000
1493,16,1,0,150,3,2016,152000,1,1630000
1494,4,1,0,193,4,2010,167000,1,630000
1495,16,0,1,115,1,2016,89000,1,1730000
1496,1,0,1,128,2,2013,120000,1,910000
1497,2,1,1,122,3,2006,197000,1,220000
1498,16,1,1,150,1,2011,61000,1,1500000
1499,11,1,1,123,2,2018,141000,1,960000
1500,11,1,0,123,1,2017,57000,1,1180000
1501,11,1,0,82,4,2004,220000,1,160000
1502,11,1,1,107,2,2016,140000,1,750000
1503,11,1,0,97,4,2005,250000,1,150000
1504,11,1,0,123,1,2021,34000,1,1950000
1505,13,1,0,188,1,2019,138000,1,2710000
1506,11,1,0,123,1,2021,22000,1,1940000
1507,9,1,2,140,1,2019,91000,1,1760000
1508,5,0,0,250,1,2019,115000,1,3120000
1509,16,1,0,184,1,2018,87000,1,2760000
1510,16,0,0,177,1,2012,109000,1,1330000
1511,3,1,0,150,1,2021,7000,1,3610000
1512,3,1,0,150,1,2021,51000,1,3060000
1513,5,0,0,249,1,2021,16000,1,7010000
1514,11,1,0,107,3,2013,221000,1,710000
1515,3,1,0,180,1,2021,45000,1,2810000
1516,1,1,0,129,4,2012,196000,1,960000
1517,1,1,1,109,1,2010,128000,1,630000
1518,4,1,1,150,2,2009,215000,1,690000
1519,13,0,0,150,1,2014,146000,1,1810000
1520,3,1,0,150,1,2021,21000,1,2430000
1521,1,1,0,128,1,2019,73000,1,1560000
1522,16,0,1,184,3,2011,181000,1,1010000
1523,11,1,0,100,1,2018,141000,1,1080000
1524,1,1,0,125,2,2011,281000,1,670000
1525,7,1,1,150,1,2019,151000,1,1560000
1526,7,1,0,150,2,2019,74000,1,1980000
1527,16,0,1,184,1,2012,164000,1,1300000
1528,11,1,0,123,1,2021,15000,1,1970000
1529,13,1,1,139,4,2002,287000,1,420000
1530,2,1,0,126,2,2011,202000,1,770000
1531,15,1,0,126,2,2008,436000,1,170000
1532,16,1,1,141,2,2008,240000,1,780000
1533,5,0,0,249,1,2022,11000,1,6890000
1534,11,1,0,100,1,2019,90000,1,1180000
1535,11,1,0,97,4,2010,182000,1,530000
1536,1,1,1,122,3,2007,189000,1,550000
1537,1,1,0,129,3,2013,111000,1,920000
1538,11,1,1,100,2,2019,71000,1,1410000
1539,1,1,1,115,2,2008,205000,1,470000
1540,11,1,0,100,1,2018,47000,1,1470000
1541,5,0,0,257,1,2021,14000,1,6500000
1542,1,0,1,115,4,2008,197000,1,590000
1543,16,1,0,150,2,2016,84000,1,1950000
1544,7,1,2,180,2,2018,64000,1,2050000
1545,14,1,0,124,2,2014,35000,1,1320000
1546,3,1,0,180,1,2021,30000,1,2350000
1547,11,1,1,95,1,2011,207000,1,480000
1548,8,0,0,75,3,2005,79000,1,370000
1549,13,1,0,240,2,2019,74000,1,2570000
1550,1,0,2,136,1,2019,36000,1,1670000
1551,11,0,1,109,1,2009,284000,1,460000
1552,3,1,0,180,1,2022,6000,1,3150000
1553,7,0,2,141,3,2017,78000,1,1890000
1554,11,1,1,100,2,2019,104000,1,1200000
1556,11,1,0,123,1,2018,84000,1,1430000
1557,3,1,0,194,1,2021,28000,1,3200000
1558,1,1,1,129,2,2012,137000,1,910000
1559,1,1,1,130,2,2017,104000,1,1270000
1560,1,2,2,141,1,2021,25000,1,2340000
1561,11,1,0,123,2,2019,111000,1,1350000
1562,15,1,0,126,4,2009,197000,1,230000
1563,11,1,0,123,1,2018,67000,1,1310000
1564,3,1,0,180,2,2021,25000,1,2450000
1565,11,1,0,100,1,2020,25000,1,1580000
1566,7,2,0,156,1,2018,137000,1,1590000
1567,13,1,0,280,2,2012,190000,1,1240000
1568,11,1,0,123,1,2020,45000,1,1420000
1569,16,1,1,150,2,2019,51000,1,2380000
1570,7,1,0,245,1,2019,38000,1,2500000
1571,11,1,1,123,1,2020,29000,1,1560000
